1787432842337 -98.99587949797692 0
1787432842350 -117.80684495715126 1
1787432842367 -162.24443302587335 2
1787432842387 -171.07651895594097 3
1787432842400 -149.800974248022 4
1787432842411 -133.1784812339695 5
1787432842431 -126.84764233787146 6
1787432842446 -144.78094798308763 7
1787432842458 -134.84484387587725 8
1787432842474 -133.10496659460858 9
1787432842488 -139.92897294829712 10
1787432842500 -136.69773106241897 11
1787432842512 -108.16778423980688 12
1787432842529 -94.46435527005107 13
1787432842539 -93.15111970572414 14
1787432842552 -104.91319850770665 15
1787432842562 -110.7058983886458 16
1787432842576 -97.68669486685636 17
1787432842593 -106.69834164961449 18
1787432842608 -108.0316987120578 19
1787432842617 -103.90535377780634 20
1787432842627 -102.84050475979538 21
1787432842639 -132.8713524086176 22
1787432842650 -142.16957797849565 23
1787432842664 -162.84134521478367 24
1787432842679 -155.1191257783163 25
1787432842688 -152.5116898679165 26
1787432842703 -153.20167299500767 27
1787432842715 -151.81446088080241 28
1787432842726 -149.29710073001635 29
1787432842744 -151.42424909005018 30
1787432842754 -149.58768588799583 31
1787432842769 -139.88310041535877 32
1787432842779 -130.96721293034392 33
1787432842792 -112.5203834367405 34
1787432842805 -112.64094356745807 35
1787432842818 -110.15358519294685 36
1787432842834 -111.03574155421958 37
1787432842849 -103.09528095886253 38
1787432842866 -112.16907747246728 39
1787432842879 -115.2066497319181 40
1787432842890 -112.82929401260348 41
1787432842903 -103.11695797146834 42
1787432842916 -119.31766005370909 43
1787432842929 -127.48741774213224 44
1787432842944 -142.34110466273864 45
1787432842956 -148.64674628588017 46
1787432842971 -155.58520159366645 47
1787432842984 -181.64701148230287 48
1787432842997 -171.96538132274094 49
1787432843007 -164.7846071082361 50
1787432843022 -191.6323402716138 51
1787432843040 -202.3298395095509 52
1787432843050 -185.7783384119461 53
1787432843064 -196.98799593220275 54
1787432843080 -179.42096185305292 55
1787432843089 -173.79751897355212 56
1787432843099 -159.04912345693737 57
1787432843115 -141.54189938127018 58
1787432843128 -145.38927058495827 59
1787432843141 -140.8071822470092 60
1787432843158 -115.40104146456153 61
1787432843178 -104.20634380087597 62
1787432843190 -104.59125334479693 63
1787432843201 -84.8782777905506 64
1787432843213 -89.1530109138849 65
1787432843229 -106.41175957361384 66
1787432843244 -112.28690132400678 67
1787432843262 -98.61096293174103 68
1787432843277 -109.71474929763936 69
1787432843293 -105.66167208890727 70
1787432843307 -119.31138684456043 71
1787432843324 -118.51030922840009 72
1787432843339 -123.0923836723136 73
1787432843350 -134.83127534403846 74
1787432843363 -146.55464310386589 75
1787432843379 -144.9373555442973 76
1787432843393 -151.10288433124168 77
1787432843405 -165.51529334417543 78
1787432843421 -182.90597619755718 79
1787432843435 -207.32504368749792 80
1787432843452 -195.47834377864757 81
1787432843466 -197.8461148633549 82
1787432843476 -195.47402895665715 83
1787432843492 -188.31287071478147 84
1787432843508 -176.3094743421678 85
1787432843523 -179.09129342366361 86
1787432843534 -169.99650870086515 87
1787432843549 -184.8639922899406 88
1787432843564 -160.7287068620778 89
1787432843576 -144.47622947581368 90
1787432843592 -142.59462444172627 91
1787432843602 -148.53671722069035 92
1787432843613 -159.00174615878728 93
1787432843622 -155.4261560507543 94
1787432843634 -160.16178314187476 95
1787432843644 -140.68022770201537 96
1787432843658 -138.15107632335005 97
1787432843675 -122.09569523530404 98
1787432843683 -115.24647746724597 99
1787432843697 -112.44750746406308 100
1787432843710 -118.92727263830675 101
1787432843723 -119.2543828613115 102
1787432843741 -126.34900281041587 103
1787432843759 -142.2851950564152 104
1787432843777 -150.78152584199125 105
1787432844135 -169.30685485828263 106
1787432845441 -239.7091912282338 107
1787432846285 -294.59493248352976 108
1787432847103 -378.4543119810906 109
1787432849583 -514.8721224571115 110
1787432850450 -525.7389675549056 111
1787432851152 -539.3978089222379 112
1787432852095 -554.3725062397708 113
1787432853390 -549.5439167548487 114
1787432854648 -561.1680411304545 115
1787432856041 -560.3996609675986 116
1787432856874 -502.35206126013475 117
1787432857490 -450.01301021004474 118
1787432858053 -372.64094644664345 119
1787432858765 -247.44610110482463 120
1787432859901 -238.10896917561308 121
1787432860481 -227.4579751732305 122
1787432861480 -203.76318710843864 123
1787432863233 -205.5944240857087 124
1787432864069 -173.0597650176445 125
1787432865005 -175.15268637207495 126
1787432866210 -176.96982107374362 127
1787432867496 -186.88999744917905 128
1787432868862 -177.73546516571156 129
1787432870065 -184.20195066839196 130
1787432872236 -191.7158524167275 131
1787432874328 -202.7797877475735 132
1787432875353 -204.7312770092579 133
1787432876136 -204.3810989378097 134
1787432877202 -225.56919467079302 135
1787432878249 -219.24707113708683 136
1787432879375 -196.26016981074088 137
1787432881152 -183.0453268521891 138
1787432887818 -207.32714273958362 139
1787432889246 -196.10073600497793 140
1787432891305 -175.93107609023065 141
1787432900181 -154.89142305795139 142
1787432908296 -142.79215793764155 143
1787432914569 -139.3569271545212 144
1787432922842 -127.07953220245676 145
1787432930948 -114.73582242881244 146
1787432938990 -126.99217069681713 147
1787432947168 -122.92206801253897 148
1787432952835 -113.92436814319831 149
1787432957630 -124.19323114645094 150
1787432962531 -140.11605571339825 151
1787432968642 -153.9657822105688 152
1787432973157 -163.90476413977427 153
