1787432842336 -98.99587949797692 0
1787432842348 -136.6178104163256 1
1787432842366 -251.11960916331753 2
1787432842386 -197.57277674614392 3
1787432842399 -64.69879541634609 4
1787432842410 -50.06601616370708 5
1787432842430 -88.86260896128317 6
1787432842445 -270.31408749960076 7
1787432842456 -55.35601101819428 8
1787432842473 -117.44607106319039 9
1787432842487 -167.23594303486243 10
1787432842499 -104.30539155754391 11
1787432842512 34.179859062803104 12
1787432842528 -60.538487048585765 13
1787432842539 -51.566439773076574 14
1787432842552 -167.68680418353225 15
1787432842562 -146.7896077706747 16
1787432842575 -140.1220522817063 17
1787432842592 -145.4724788457758 18
1787432842607 -130.77964168762333 19
1787432842616 -125.97249369234777 20
1787432842625 -93.6569013774344 21
1787432842639 -266.1286174254193 22
1787432842649 -153.52074274736634 23
1787432842663 -258.2841121359568 24
1787432842678 -90.46460981885818 25
1787432842687 -120.71524866667698 26
1787432842702 -147.02188355261788 27
1787432842715 -131.6003577037231 28
1787432842725 -105.60604017976291 29
1787432842743 -147.24397729268577 30
1787432842753 -75.29126935689098 31
1787432842764 -169.08276269904886 32
1787432842778 -64.3618678972177 33
1787432842791 -73.81581719992283 34
1787432842804 -91.67021112603348 35
1787432842817 -95.84166492156484 36
1787432842833 -155.84344716534537 37
1787432842848 -52.19575175015258 38
1787432842865 -196.3440053158104 39
1787432842879 -177.61969988719395 40
1787432842889 -51.51771216374482 41
1787432842902 -71.95940228769743 42
1787432842916 -226.36888871962537 43
1787432842928 -155.51339408415419 44
1787432842943 -240.2070803320974 45
1787432842955 -158.8980811529803 46
1787432842970 -225.22800024320833 47
1787432842984 -312.81385063651675 48
1787432842997 -99.52770372019054 49
1787432843007 -105.8119577421457 50
1787432843021 -319.9950437975218 51
1787432843039 -178.9343946670687 52
1787432843049 -60.85387774357746 53
1787432843063 -267.60996928672046 54
1787432843079 -64.53673954059897 55
1787432843088 -102.6636523579723 56
1787432843099 -77.74404507706096 57
1787432843114 -137.7416098798451 58
1787432843127 -138.0014157570713 59
1787432843140 -59.99107436265486 60
1787432843155 -65.93363597304497 61
1787432843177 -66.98741803021338 62
1787432843188 -64.70297318278705 63
1787432843200 -70.48021374425713 64
1787432843212 -107.28407077394189 65
1787432843228 -275.2511389552616 66
1787432843243 -136.4954625809904 67
1787432843261 -0.9822259571876089 68
1787432843276 -249.0392794160546 69
1787432843292 -19.460302275334087 70
1787432843306 -202.43078352957644 71
1787432843323 -58.97664186861024 72
1787432843337 -110.523717621922 73
1787432843349 -187.86913046150565 74
1787432843363 -224.51774837221635 75
1787432843378 -259.078263359576 76
1787432843393 -198.15075045043375 77
1787432843404 -145.10631608652528 78
1787432843420 -422.9461079498719 79
1787432843435 -263.65097717474146 80
1787432843451 -83.96378444107324 81
1787432843465 -82.65435271568327 82
1787432843475 -86.80285855494473 83
1787432843491 -116.25754804274834 84
1787432843507 -104.48378464607983 85
1787432843522 -286.8964541745344 86
1787432843533 -107.20290322244878 87
1787432843548 -293.7811519772797 88
1787432843563 -181.59325367124393 89
1787432843575 -101.12620331210088 90
1787432843591 -65.14773410019895 91
1787432843601 -142.0752805053239 92
1787432843612 -191.45314793591416 93
1787432843621 -80.5016469624186 94
1787432843633 -151.8400555572846 95
1787432843643 -92.08089977594024 96
1787432843656 -81.91138943579556 97
1787432843674 -133.22734109681966 98
1787432843683 -113.10107599066323 99
1787432843696 -73.13650328027191 100
1787432843710 -129.94538584263574 101
1787432843722 -145.3463827353714 102
1787432843740 -262.39934742695766 103
1787432843758 -239.8635694224123 104
1787432843776 -236.80336341304493 105
1787432844134 -277.3341899388537 106
1787432845440 -785.9347531353075 107
1787432846284 -682.0847536497794 108
1787432847102 -951.694870966271 109
1787432849582 -1437.3146080404813 110
1787432850449 -238.61383682057692 111
1787432851151 -281.93479640869424 112
1787432852094 -412.1463206022866 113
1787432853389 -191.57767457319233 114
1787432854647 -353.0446071691024 115
1787432856040 -269.65038831029483 116
1787432856873 -205.45875606066767 117
1787432857485 -158.69424314887993 118
1787432858052 -177.97423333225774 119
1787432858764 -185.36615462229338 120
1787432859900 -145.24251752846172 121
1787432860480 -175.42485638486835 122
1787432861479 -175.19843995436833 123
1787432863232 -209.89004434589305 124
1787432864068 -27.69801648846017 125
1787432865004 -290.5796018545994 126
1787432866209 -223.63010307735425 127
1787432867495 -257.896006903234 128
1787432868861 -86.42891049758288 129
1787432870063 -250.0310096490976 130
1787432872234 -220.38153501181702 131
1787432874327 -286.0642096933282 132
1787432875352 -194.71333257121228 133
1787432876135 -206.38826363141123 134
1787432877201 -239.57897381829338 135
1787432878248 -227.3583665175371 136
1787432879374 6.238910186105201 137
1787432881151 -125.74757731771648 138
1787432887817 -329.24706937152837 139
1787432889245 -137.7669423030402 140
1787432891303 -18.68493586434431 141
1787432900179 -75.6676793705359 142
1787432908295 -73.72068136811349 143
1787432914568 -172.03595580020817 144
1787432922841 -116.80502429764884 145
1787432930946 -103.92126878109377 146
1787432938989 -116.32457249394156 147
1787432947167 -85.04655047493486 148
1787432952834 -239.27007067812178 149
1787432957629 -240.4555723355667 150
1787432962530 -177.9131815338174 151
1787432968641 -214.16494434224134 152
1787432973155 -173.11050066016833 153
